[General]
version=4
components=2
scale_factor0=16.058823529411764
scale_factor1=3.9215686274509802
dims0=1600
dims1=1200
dims2=1206
